% DIET PLAN FOR FEMALE ADULT %

C = [11.4875, 1.4222222222222223, 1.3, 0.5, 0.395, 0.399, 0.6849999999999999, 0.82, 3.5, 1.0375, 6.5, 5.14, 5.606060606060606, 5.606060606060606, 5.606060606060606, 2.7227272727272727, 2.92, 0.645, 1.0726666666666667, 0.399, 2.29, 2.25, 1.4, 0.62, 4.088235294117647, 5.7, 5.49, 6.0, 5.59, 5.795238095238095, 6.644970414201183, 6.719424460431655, 6.413793103448276, 5.596, 3.0, 9.99, 2.0, 1.3980000000000001, 0.5980000000000001, 1.8, 1.198, 0.89, 3.1285714285714286, 3.8, 2.691666666666667, 4.431578947368421, 3.4444444444444446, 1.396551724137931, 1.72, 25.8, 4.588, 4.3625, 6.111111111111111, 17.647058823529413, 2.6, 7.992, 3.488888888888889, 2.4583333333333335, 4.55, 4.0634146341463415, 1.3590909090909091, 7.675, 0.5985714285714286, 1.34, 2.1875, 1.318, 1.618, 1.818, 0.8428571428571429, 6.042857142857144, 4.995, 2.075, 2.0526315789473686, 2.1249999999999996, 1.925, 2.78, 6.476973684210527, 5.544444444444444, 11.15, 1.495, 2.922222222222222, 1.5, 2.8186274509803924, 3.19, 3.7215686274509805, 0.7475, 3.29, 1.8932038834951457, 1.5048543689320388, 2.625, 2.1470588235294117, 0.89, 0.66, 2.398, 0.9476190476190476, 0.9199999999999999, 12.777777777777779, 5.813953488372093, 5.2272727272727275, 2.155, 0.37866666666666665, 4.027027027027027, 5.275, 1.9605263157894737, 3.95, 1.4000000000000001, 0.7037037037037037, 1.7557142857142858, 2.9235294117647057, 3.3333333333333335, 0.7083333333333333, 2.78, 1.9725, 1.1111111111111112, 3.995, 4.895, 1.25, 4.396, 0.538, 0.8333333333333334, 4.266666666666667, 1.4017543859649122, 9.333333333333334, 1.345, 0.34, 1.798, 0.9800000000000001, 1.8, 4.495, 3.345, 0.26, 2.03, 0.9199999999999999, 0.9800000000000001, 1.7066666666666668, 23.45, 70.0, 0.21333333333333335, 29.714285714285715, 0.5364077669902912, 2.7375, 0.38, 1.0941176470588236, 3.1733333333333333, 3.3, 8.333333333333334, 0.7294117647058823, 0.62, 0.07333333333333335, 3.0434782608695654];
A = [
	0.3, 0.49, 0.3, 0.3, 0.2, 0.2, 0.2, 0.4, 1.2, 0.1, 12.0, 9.37, 21.4, 18.6, 19.5, 27.6, 32.65, 8.1, 9.1, 0.12, 0.4, 0.4, 0.52, 0.16, 22.7, 5.41, 3.35, 4.36, 3.68, 15.6, 10.7, 15.5, 14.8, 35.55, 23.4, 17.84, 2.13, 4.52, 6.3, 2.0, 4.36, 0.58, 0.3, 0.2, 26.6, 0.4, 32.04, 1.7, 1.42, 8.0, 16.84, 22.0, 21.93, 0.49, 0.5, 0.3, 6.65, 2.6, 1.5, 2.0, 0.5, 83.55, 0.0, 0.2, 11.4, 0.2, 0.2, 0.2, 0.2, 37.4, 30.0, 10.2, 12.83, 11.2, 3.32, 0.3, 18.9, 19.63, 42.72, 21.05, 0.39, 1.9, 3.75, 1.37, 36.86, 0.0, 0.5, 1.4, 1.2, 1.6, 12.9, 0.6, 0.73, 0.16, 0.1, 0.5, 64.5, 6.22, 10.84, 0.41, 0.04, 0.78, 28.86, 0.35, 2.0, 0.3, 0.0, 0.2, 0.0, 0.11, 2.19, 20.0, 0.3, 1.37, 52.83, 51.3, 4.74, 99.6, 0.1, 0.05, 0.5, 0.5, 0.9, 0.3, 0.1, 0.5, 3.0, 10.8, 0.4, 0.49, 0.9, 0.0, 1.8, 0.8, 12.7, 1.2, 22.27, 0.0, 3.3, 0.35, 27.8, 0.0, 0.8, 0.2, 0.0, 10.8, 0.49, 0.22, 0.0, 8.63;
	0.3, 0.49, 0.3, 0.3, 0.2, 0.2, 0.2, 0.4, 1.2, 0.1, 12.0, 9.37, 21.4, 18.6, 19.5, 27.6, 32.65, 8.1, 9.1, 0.12, 0.4, 0.4, 0.52, 0.16, 22.7, 5.41, 3.35, 4.36, 3.68, 15.6, 10.7, 15.5, 14.8, 35.55, 23.4, 17.84, 2.13, 4.52, 6.3, 2.0, 4.36, 0.58, 0.3, 0.2, 26.6, 0.4, 32.04, 1.7, 1.42, 8.0, 16.84, 22.0, 21.93, 0.49, 0.5, 0.3, 6.65, 2.6, 1.5, 2.0, 0.5, 83.55, 0.0, 0.2, 11.4, 0.2, 0.2, 0.2, 0.2, 37.4, 30.0, 10.2, 12.83, 11.2, 3.32, 0.3, 18.9, 19.63, 42.72, 21.05, 0.39, 1.9, 3.75, 1.37, 36.86, 0.0, 0.5, 1.4, 1.2, 1.6, 12.9, 0.6, 0.73, 0.16, 0.1, 0.5, 64.5, 6.22, 10.84, 0.41, 0.04, 0.78, 28.86, 0.35, 2.0, 0.3, 0.0, 0.2, 0.0, 0.11, 2.19, 20.0, 0.3, 1.37, 52.83, 51.3, 4.74, 99.6, 0.1, 0.05, 0.5, 0.5, 0.9, 0.3, 0.1, 0.5, 3.0, 10.8, 0.4, 0.49, 0.9, 0.0, 1.8, 0.8, 12.7, 1.2, 22.27, 0.0, 3.3, 0.35, 27.8, 0.0, 0.8, 0.2, 0.0, 10.8, 0.49, 0.22, 0.0, 8.63;
	2.41, 2.0, 1.98, 1.8, 2.1, 0.46, 2.8, 2.17, 4.64, 1.0, 2.2, 2.4, 1.6, 2.3, 1.4, 0.8, 1.4, 0.0, 0.0, 1.5, 1.5, 2.2, 1.8, 1.37, 5.14, 0.0, 0.0, 0.0, 0.0, 1.4, 1.2, 3.2, 1.1, 0.0, 0.0, 0.0, 0.0, 0.0, 0.0, 0.0, 0.0, 2.7, 7.42, 1.8, 4.8, 3.0, 4.8, 15.5, 15.2, 0.1, 0.0, 1.5, 1.4, 6.1, 5.6, 3.9, 44.7, 6.35, 2.4, 2.5, 3.4, 0.0, 1.3, 1.6, 0.0, 1.5, 1.5, 1.5, 1.4, 0.0, 0.0, 0.0, 2.4, 0.7, 0.0, 2.4, 1.6, 1.6, 10.9, 0.3, 0.18, 5.27, 0.7, 5.7, 0.0, 0.8, 7.8, 0.8, 0.4, 14.3, 0.7, 16.9, 2.0, 0.0, 0.6, 5.4, 9.4, 6.0, 0.0, 1.1, 0.0, 3.3, 0.0, 2.5, 13.7, 1.56, 0.6, 1.5, 0.8, 0.0, 0.1, 1.6, 1.6, 1.1, 11.8, 4.3, 10.5, 0.0, 1.83, 1.83, 4.7, 13.9, 8.6, 3.2, 1.2, 1.5, 3.2, 27.2, 7.8, 4.9, 0.7, 0.0, 3.0, 4.4, 1.5, 49.2, 10.5, 0.0, 26.3, 0.0, 3.1, 0.0, 1.89, 0.0, 0.0, 1.33, 3.5, 1.24, 0.0, 0.0;
	2.41, 2.0, 1.98, 1.8, 2.1, 0.46, 2.8, 2.17, 4.64, 1.0, 2.2, 2.4, 1.6, 2.3, 1.4, 0.8, 1.4, 0.0, 0.0, 1.5, 1.5, 2.2, 1.8, 1.37, 5.14, 0.0, 0.0, 0.0, 0.0, 1.4, 1.2, 3.2, 1.1, 0.0, 0.0, 0.0, 0.0, 0.0, 0.0, 0.0, 0.0, 2.7, 7.42, 1.8, 4.8, 3.0, 4.8, 15.5, 15.2, 0.1, 0.0, 1.5, 1.4, 6.1, 5.6, 3.9, 44.7, 6.35, 2.4, 2.5, 3.4, 0.0, 1.3, 1.6, 0.0, 1.5, 1.5, 1.5, 1.4, 0.0, 0.0, 0.0, 2.4, 0.7, 0.0, 2.4, 1.6, 1.6, 10.9, 0.3, 0.18, 5.27, 0.7, 5.7, 0.0, 0.8, 7.8, 0.8, 0.4, 14.3, 0.7, 16.9, 2.0, 0.0, 0.6, 5.4, 9.4, 6.0, 0.0, 1.1, 0.0, 3.3, 0.0, 2.5, 13.7, 1.56, 0.6, 1.5, 0.8, 0.0, 0.1, 1.6, 1.6, 1.1, 11.8, 4.3, 10.5, 0.0, 1.83, 1.83, 4.7, 13.9, 8.6, 3.2, 1.2, 1.5, 3.2, 27.2, 7.8, 4.9, 0.7, 0.0, 3.0, 4.4, 1.5, 49.2, 10.5, 0.0, 26.3, 0.0, 3.1, 0.0, 1.89, 0.0, 0.0, 1.33, 3.5, 1.24, 0.0, 0.0;
	0.34, 0.26, 0.24, 1.03, 0.5, 0.86, 0.63, 0.81, 5.94, 0.44, 11.66, 10.63, 6.42, 5.23, 4.83, 0.63, 0.94, 13.13, 13.0, 1.25, 1.06, 2.5, 0.99, 0.38, 1.78, 20.46, 20.15, 22.16, 21.23, 13.13, 15.13, 11.88, 17.5, 24.56, 16.88, 27.56, 22.31, 18.94, 19.06, 21.77, 19.19, 0.25, 2.56, 2.69, 2.0, 1.5, 2.06, 7.87, 21.63, 29.06, 19.29, 6.27, 3.31, 1.25, 1.25, 0.63, 14.95, 10.2, 6.4, 18.41, 3.78, 0.32, 1.1, 1.95, 2.49, 0.94, 0.94, 0.94, 0.54, 3.06, 28.39, 19.81, 12.8, 15.0, 21.5, 1.51, 5.25, 8.14, 7.81, 1.25, 0.57, 13.1, 6.55, 0.07, 2.17, 0.75, 2.32, 0.54, 0.69, 3.63, 12.22, 7.94, 1.75, 0.75, 0.63, 0.81, 14.1, 6.94, 3.13, 0.38, 1.13, 0.81, 15.44, 0.75, 24.38, 1.13, 0.38, 0.5, 0.06, 2.81, 3.32, 5.29, 2.16, 0.94, 22.09, 16.75, 14.05, 0.0, 1.44, 1.06, 5.19, 2.75, 5.5, 0.37, 0.99, 0.75, 2.19, 9.5, 2.81, 3.25, 7.25, 0.0, 1.81, 1.31, 12.83, 18.33, 17.81, 0.0, 12.81, 0.06, 7.26, 0.19, 1.76, 0.0, 0.0, 18.5, 3.44, 0.35, 0.0, 4.56;
	8.5, 10.5, 10.5, 15.2, 11.4, 7.6, 6.6, 1.8, 0.0, 1.9, 4.97, 3.9, 18.3, 24.2, 11.7, 14.79, 15.43, 0.65, 0.0, 8.1, 6.1, 0.0, 4.0, 1.85, 0.0, 0.0, 0.0, 0.0, 0.0, 3.1, 3.6, 3.1, 3.2, 0.0, 1.1, 0.1, 0.0, 0.0, 0.0, 0.0, 0.0, 9.39, 35.6, 1.6, 0.54, 0.0, 13.9, 0.0, 4.0, 0.0, 0.0, 25.5, 38.4, 10.1, 8.5, 9.2, 2.95, 2.8, 41.5, 14.2, 1.75, 0.54, 1.3, 0.0, 54.6, 2.8, 4.9, 4.8, 1.3, 6.36, 0.1, 0.0, 3.75, 0.0, 0.0, 2.6, 55.9, 48.4, 23.99, 1.1, 0.56, 1.5, 1.96, 65.0, 2.91, 1.8, 64.6, 0.0, 1.5, 52.6, 2.4, 1.57, 4.4, 15.48, 5.0, 4.88, 3.82, 0.0, 21.0, 67.75, 9.6, 7.9, 0.0, 3.2, 2.3, 1.1, 17.7, 14.1, 67.5, 71.31, 9.31, 33.75, 0.6, 0.44, 4.9, 6.0, 0.0, 0.2, 5.1, 8.15, 0.8, 7.39, 50.7, 9.95, 8.0, 12.3, 0.37, 0.0, 31.0, 66.85, 0.3, 0.0, 9.35, 17.3, 0.0, 0.0, 19.8, 7.9, 46.0, 6.36, 55.83, 95.1, 3.4, 58.0, 0.0, 1.1, 9.6, 1.9, 0.0, 3.44;
	0.016, 0.128, 0.016, 0.096, 0.023, 0.012, 0.026, 0.056, 0.243, 0.0, 5.587, 3.171, 11.431, 6.826, 10.617, 3.069, 4.947, 2.098, 2.289, 0.022, 0.0, 0.045, 0.094, 0.046, 3.33, 1.773, 0.892, 1.551, 1.668, 5.679, 5.029, 6.343, 6.401, 22.706, 13.216, 11.916, 0.704, 1.384, 1.956, 0.612, 1.405, 0.152, 0.085, 0.059, 3.687, 0.106, 28.048, 0.29, 0.38, 3.38, 6.33, 8.08, 20.461, 0.019, 0.081, 0.032, 1.083, 0.548, 0.5, 0.553, 0.039, 54.084, 0.0, 0.027, 8.7, 0.042, 0.042, 0.042, 0.032, 23.044, 20.0, 3.229, 2.401, 4.387, 1.067, 0.0, 11.13, 9.726, 24.489, 16.723, 0.24, 0.417, 0.701, 0.103, 22.551, 0.0, 0.0, 0.116, 0.007, 0.286, 1.261, 0.122, 0.232, 0.053, 0.022, 0.0, 4.74, 0.828, 7.617, 0.0, 0.01, 0.0, 12.514, 0.079, 0.29, 0.1, 0.0, 0.048, 0.0, 0.0, 1.379, 6.101, 0.027, 0.4, 4.047, 8.73, 0.98, 16.587, 0.013, 0.021, 0.024, 0.0, 0.081, 0.006, 0.0, 0.033, 1.425, 2.188, 0.026, 0.191, 0.334, 0.0, 0.27, 0.0, 3.897, 0.056, 1.535, 0.0, 0.829, 0.0, 3.439, 0.0, 0.171, 0.0, 0.0, 2.25, 0.114, 0.046, 0.0, 5.659;
